Parameter Settings:
alpha = 0.1
gamma = 0.9
zeta = 0.1
block position = [(4.0, 9.0), (2.0, 3.0), (15.0, 10.0), (9.0, 11.0), (15.0, 5.0), (7.0, 7.0), (16.0, 12.0), (7.0, 9.0), (4.0, 8.0), (13.0, 11.0), (13.0, 12.0), (1.0, 3.0), (10.0, 7.0), (2.0, 5.0), (17.0, 1.0), (1.0, 5.0), (2.0, 1.0), (13.0, 2.0), (10.0, 11.0), (7.0, 8.0), (16.0, 11.0), (2.0, 4.0), (15.0, 6.0), (14.0, 9.0), (18.0, 1.0)]
rubbish position = [(15.0, 3.0), (4.0, 4.0), (8.0, 1.0), (18.0, 4.0), (9.0, 4.0), (5.0, 1.0), (9.0, 6.0), (4.0, 1.0), (13.0, 6.0), (18.0, 3.0), (16.0, 8.0), (14.0, 4.0), (6.0, 9.0), (7.0, 3.0), (2.0, 11.0), (9.0, 12.0), (11.0, 3.0), (6.0, 7.0), (12.0, 12.0), (17.0, 3.0), (11.0, 8.0), (1.0, 1.0), (3.0, 8.0), (5.0, 5.0), (9.0, 7.0), (14.0, 2.0), (5.0, 8.0), (6.0, 12.0), (5.0, 2.0), (16.0, 1.0), (10.0, 12.0), (11.0, 1.0), (10.0, 4.0), (17.0, 9.0), (1.0, 7.0), (1.0, 12.0), (3.0, 5.0), (13.0, 3.0), (6.0, 5.0), (14.0, 3.0)]
Turn     Block     Rubbish     Hit         TotalStep               TurnStep     TOTAL_COLLECTION     
1        25        40          131        436           436					11.473684210526315					11.473684210526315
2        25        40          250        876           440					11.08860759493671					10.731707317073171
3        25        40          300        1152           276					9.931034482758621					7.45945945945946
