1	302.0555556	555.7777778	302.0555556
2	560.2222222	600.5833333	258.1666667
3	731.5	593.8333333	171.2777778
4	872.5	579.6111111	141
5	992	561.2	119.5
6	1129.944444	563.8518519	137.9444444
7	1234.166667	557.2460317	104.2222222
8	1330.944444	555.9861111	96.77777778
9	1412.666667	543.7407407	81.72222222
10	1488.055556	528.6722222	75.38888889
11	1573.611111	524.3787879	85.55555556
12	1657.111111	521.7268519	83.5
13	1725.111111	511.9230769	68
14	1807.555556	514.1031746	82.44444444
15	1865.944444	507.0851852	58.38888889
16	1926.388889	503.9201389	60.44444444
17	1986.666667	500.627451	60.27777778
18	2049.722222	502.1512346	63.05555556
19	2092.666667	492.1959064	42.94444444
20	2139	484.6638889	46.33333333
21	2183.666667	479.8148148	44.66666667
22	2236.833333	478	53.16666667
23	2287.777778	476.736715	50.94444444
24	2337.944444	474.9074074	50.16666667
25	2375.722222	470.72	37.77777778
26	2413.055556	466.1559829	37.33333333
27	2448	460.6707819	34.94444444
28	2484.5	457.4206349	36.5
29	2520.944444	454.1532567	36.44444444
30	2559.944444	453.3555556	39
31	2601.611111	451.3996416	41.66666667
32	2640.166667	449.2621528	38.55555556
33	2677.722222	448.5151515	37.55555556
34	2718.888889	447.2679739	41.16666667
35	2751.555556	444.2698413	32.66666667
36	2788.111111	444.6003086	36.55555556
37	2822.277778	441.9804805	34.16666667
38	2852.944444	442.3362573	30.66666667
39	2880.111111	440.6410256	27.16666667
40	2916.055556	441.2388889	35.94444444
41	2939.944444	438.3861789	23.88888889
42	2968.444444	436.4708995	28.5
43	2996.666667	434.6873385	28.22222222
44	3028.222222	434.0378788	31.55555556
45	3054	431.1160494	25.77777778
46	3085.722222	430.7874396	31.72222222
47	3115.333333	430.3427896	29.61111111
48	3138.722222	427.8344907	23.38888889
49	3161.944444	426.4614512	23.22222222
50	3189.611111	424.6355556	27.66666667
51	3213.333333	422.4684096	23.72222222
52	3236.055556	420.2371795	22.72222222
53	3259.611111	418.7704403	23.55555556
54	3283.722222	416.9074074	24.11111111
55	3309.777778	416.6545455	26.05555556
56	3328.222222	414.8621032	18.44444444
57	3350.166667	413.9444444	21.94444444
58	3374.333333	412.8448276	24.16666667
59	3396.833333	411.7730697	22.5
60	3418.833333	410.7324074	22
61	3438.5	409.0173042	19.66666667
62	3460.166667	407.5250896	21.66666667
63	3478.5	406.0626102	18.33333333
64	3501.111111	405.0737847	22.61111111
65	3520.611111	403.9008547	19.5
66	3541.944444	402.3636364	21.33333333
67	3563.222222	401.5820896	21.27777778
68	3584.277778	401.5089869	21.05555556
69	3605.222222	400.8663446	20.94444444
70	3622.666667	399.2674603	17.44444444
71	3640.777778	398.1197183	18.11111111
72	3658.166667	397.4174383	17.38888889
73	3675.222222	396.4391172	17.05555556
74	3691	395.9654655	15.77777778
75	3711.055556	395.122963	20.05555556
76	3725.944444	394.0460526	14.88888889
77	3744.388889	393.0548341	18.44444444
78	3762.277778	392.7777778	17.88888889
79	3776.055556	390.8298172	13.77777778
80	3792.222222	390.1236111	16.16666667
81	3810.5	389.9060357	18.27777778
82	3827.333333	389.6253388	16.83333333
83	3845.111111	389.1659973	17.77777778
84	3863.444444	389.2361111	18.33333333
85	3878.555556	388.1058824	15.11111111
86	3895	387.1660207	16.44444444
87	3910.944444	386.6992337	15.94444444
88	3925.444444	385.3011364	14.5
89	3941.555556	385.3277154	16.11111111
90	3957.166667	384.7567901	15.61111111
91	3969.611111	383.6770452	12.44444444
92	3989.444444	382.8780193	19.83333333
93	4007.888889	382.3542413	18.44444444
94	4026.222222	381.8280142	18.33333333
95	4042.888889	381.0415205	16.66666667
96	4060.277778	381.0115741	17.38888889
97	4080.111111	381.2989691	19.83333333
98	4094.722222	380.8384354	14.61111111
99	4111.222222	380.3602694	16.5
100	4124.888889	379.6988889	13.66666667
101	4137	379.1116612	12.11111111
102	4150.944444	378.453159	13.94444444
103	4169.944444	378.1914779	19
104	4187.444444	378.3146368	17.5
105	4203.888889	378.2671958	16.44444444
106	4219.388889	378.1163522	15.5
107	4234.166667	377.5384216	14.77777778
108	4246.444444	377.2690329	12.27777778
109	4259.611111	376.6014271	13.16666667
110	4275.5	376.4858586	15.88888889
111	4289.5	376.8378378	14
112	4307.944444	377.2212302	18.44444444
113	4322.055556	376.7989184	14.11111111
114	4336.277778	376.252924	14.22222222
115	4351.222222	376.0816425	14.94444444
116	4366.944444	376.2231801	15.72222222
117	4376.388889	375.620133	9.444444444
118	4392.111111	375.8272128	15.72222222
119	4405.833333	375.554155	13.72222222
120	4416.444444	374.8277778	10.61111111
121	4427.5	374.1138659	11.05555556
122	4442.722222	373.8775046	15.22222222
123	4454.777778	373.2542909	12.05555556
124	4467.277778	373.0976703	12.5
125	4475.833333	372.0355556	8.555555556
126	4488.611111	371.4056437	12.77777778
127	4503.666667	371.8368329	15.05555556
128	4520.388889	371.6644965	16.72222222
129	4531.888889	371.3738157	11.5
130	4545.666667	371.0760684	13.77777778
131	4557.611111	370.8744699	11.94444444
132	4572.388889	370.5551347	14.77777778
133	4588.388889	370.7234754	16
134	4601.722222	370.1629353	13.33333333
135	4613.944444	369.8201646	12.22222222
136	4624	369.5706699	10.05555556
137	4635.5	368.9172749	11.5
138	4649.5	368.4859098	14
139	4661.5	368.5835332	12
140	4673.111111	368.1329365	11.61111111
141	4684.444444	367.7793538	11.33333333
142	4695.277778	367.3654147	10.83333333
143	4709	367.6752137	13.72222222
144	4723	367.3097994	14
145	4734.277778	366.9846743	11.27777778
146	4743.5	366.456621	9.222222222
147	4754.888889	366.4213908	11.38888889
148	4764.666667	365.8506006	9.777777778
149	4775	365.7945563	10.33333333
150	4784.111111	365.3011111	9.111111111
151	4795.888889	365.1136865	11.77777778
152	4805.111111	364.7905702	9.222222222
153	4816.444444	364.5708061	11.33333333
154	4826.611111	364.3026696	10.16666667
155	4839.722222	364.2594982	13.11111111
156	4852.555556	363.9561966	12.83333333
157	4867.5	364.0021231	14.94444444
158	4877.833333	363.4398734	10.33333333
159	4887.222222	363.0915444	9.388888889
160	4898.555556	362.9670139	11.33333333
161	4910.666667	362.7446515	12.11111111
162	4921.944444	362.4365569	11.27777778
163	4932.611111	362.597137	10.66666667
164	4945.166667	362.3929539	12.55555556
165	4955.111111	362.3117845	9.944444444
166	4965.166667	362.1325301	10.05555556
167	4975	361.6776447	9.833333333
168	4983.944444	361.2771164	8.944444444
169	4994.277778	361.0249836	10.33333333
170	5002.611111	360.6679739	8.333333333
171	5010.722222	360.2007797	8.111111111
172	5020.444444	360.0597545	9.722222222
173	5031.111111	359.6708414	10.66666667
174	5040.888889	359.2627714	9.777777778
175	5051.055556	359.008254	10.16666667
176	5065.833333	358.9523359	14.77777778
177	5079	358.9704959	13.16666667
178	5086.444444	358.6101748	7.444444444
179	5093.555556	358.0825574	7.111111111
180	5103.944444	357.6132716	10.38888889
181	5113.444444	357.1970534	9.5
182	5125.333333	357.1578144	11.88888889
183	5134.166667	356.7070431	8.833333333
184	5144.777778	356.5694444	10.61111111
185	5154.944444	356.3693694	10.16666667
186	5165.111111	356.208184	10.16666667
187	5177.777778	356.3618538	12.66666667
188	5188.611111	356.1288416	10.83333333
189	5198.222222	355.9444444	9.611111111
190	5211.611111	355.9304094	13.38888889
191	5222.555556	355.7306574	10.94444444
192	5231.5	355.5092593	8.944444444
193	5241.722222	355.2780656	10.22222222
194	5252.444444	355.2694731	10.72222222
195	5263.611111	355.182906	11.16666667
196	5271.666667	355.1564626	8.055555556
197	5281.555556	354.9049633	9.888888889
198	5292.166667	354.9775533	10.61111111
199	5301.944444	354.7096594	9.777777778
200	5314.388889	354.5983333	12.44444444
201	5326.888889	354.6357103	12.5
202	5336.5	354.4815732	9.611111111
203	5345.777778	354.5331144	9.277777778
204	5352.888889	354.0738017	7.111111111
205	5365.277778	353.9696477	12.38888889
206	5373.5	353.7211435	8.222222222
207	5383.777778	353.2608696	10.27777778
208	5394.222222	353.2035256	10.44444444
209	5402.833333	352.8543328	8.611111111
210	5412.111111	352.6285714	9.277777778
211	5418.722222	352.1211164	6.611111111
212	5429.722222	352.0408805	11
213	5438.888889	352.0101721	9.166666667
214	5450.611111	352.0970924	11.72222222
215	5459.555556	351.7821705	8.944444444
216	5466.555556	351.6921296	7
217	5471.888889	351.2403994	5.333333333
218	5480.5	351.1600408	8.611111111
219	5487.722222	350.9277017	7.222222222
220	5496.555556	350.6489899	8.833333333
221	5504.611111	350.3622423	8.055555556
222	5516.5	350.4309309	11.88888889
223	5526.666667	350.6121076	10.16666667
224	5533.777778	350.2705853	7.111111111
225	5543.222222	349.9925926	9.444444444
226	5551.722222	349.7497542	8.5
227	5561.388889	349.8147332	9.666666667
228	5569.833333	349.5041423	8.444444444
229	5578.5	349.1962639	8.666666667
230	5590.611111	349.2253623	12.11111111
231	5599.166667	349.2402597	8.555555556
232	5607.555556	349.184387	8.388888889
233	5616.111111	349.1423462	8.555555556
234	5625.166667	348.9843305	9.055555556
235	5632.166667	348.6361702	7
236	5641.888889	348.4249058	9.722222222
237	5650.111111	348.1415846	8.222222222
238	5657.777778	347.9033613	7.666666667
239	5666.222222	347.8219433	8.444444444
240	5673	347.612037	6.777777778
241	5684.111111	347.6599816	11.11111111
242	5694.222222	347.7128099	10.11111111
243	5703.333333	347.7123914	9.111111111
244	5711.555556	347.568306	8.222222222
245	5720.388889	347.3927438	8.833333333
246	5731.055556	347.3665312	10.66666667
247	5739.333333	347.217049	8.277777778
248	5745.888889	346.9189068	6.555555556
249	5754.277778	346.8199465	8.388888889
250	5760.5	346.7124444	6.222222222
251	5769.222222	346.6768482	8.722222222
252	5779.388889	346.7539683	10.16666667
253	5786.666667	346.9270971	7.277777778
254	5797.055556	346.9656605	10.38888889
255	5805.722222	346.9520697	8.666666667
256	5815	346.9281684	9.277777778
257	5825.833333	346.8834847	10.83333333
258	5833.222222	346.4588717	7.388888889
259	5838.388889	346.049764	5.166666667
260	5846	345.7207265	7.611111111
261	5855.888889	345.6779481	9.888888889
262	5866.944444	345.9329941	11.05555556
263	5877.333333	345.9719054	10.38888889
264	5885.611111	345.8579545	8.277777778
265	5893.555556	345.5524109	7.944444444
266	5900.666667	345.6106934	7.111111111
267	5907.277778	345.3389513	6.611111111
268	5913.777778	345.3018242	6.5
269	5921.166667	345.0528707	7.388888889
270	5926.777778	344.8816872	5.611111111
271	5937	344.8634686	10.22222222
272	5947	345.1182598	10
273	5953.722222	344.9615385	6.722222222
274	5961.666667	344.8730738	7.944444444
275	5967.944444	344.8074747	6.277777778
276	5975.277778	344.8045491	7.333333333
277	5981.833333	344.561773	6.555555556
278	5989.666667	344.382494	7.833333333
279	5999.444444	344.3602151	9.777777778
280	6006.555556	344.3472222	7.111111111
281	6012.888889	344.462238	6.333333333
282	6023.555556	344.7239953	10.66666667
283	6030.555556	344.5166863	7
284	6037.722222	344.4102113	7.166666667
285	6045.388889	344.5011696	7.666666667
286	6056.333333	344.701826	10.94444444
287	6061.888889	344.3896632	5.555555556
288	6070	344.1197917	8.111111111
289	6079.388889	344.1568627	9.388888889
290	6087.388889	343.9890805	8
291	6094.888889	343.8703704	7.5
292	6102.722222	343.6645738	7.833333333
293	6109.555556	343.448047	6.833333333
294	6116.444444	343.1413454	6.888888889
295	6124.388889	343.0112994	7.944444444
296	6133.222222	342.8838213	8.833333333
297	6140.722222	342.8026562	7.5
298	6146.222222	342.5525727	5.5
299	6153.666667	342.4706429	7.444444444
300	6161.333333	342.4518519	7.666666667
301	6167.444444	342.4983389	6.111111111
302	6176.722222	342.4411332	9.277777778
303	6183.055556	342.1745508	6.333333333
304	6189.833333	342.1114766	6.777777778
305	6194.611111	341.8969035	4.777777778
306	6204.5	342.0519245	9.888888889
307	6209.555556	342.0808903	5.055555556
308	6215.111111	341.7498196	5.555555556
309	6220.5	341.5199569	5.388888889
310	6227.666667	341.4598566	7.166666667
311	6233.888889	341.2465166	6.222222222
312	6242.277778	341.295406	8.388888889
313	6248.277778	341.2215122	6
314	6253.777778	340.92569	5.5
315	6262.611111	340.9901235	8.833333333
316	6268.277778	340.9020745	5.666666667
317	6273.944444	340.6430074	5.666666667
318	6281.111111	340.6960168	7.166666667
319	6288.888889	340.6051898	7.777777778
320	6296.888889	340.6581597	8
321	6306	340.7725857	9.111111111
322	6311.222222	340.6861629	5.222222222
323	6319.166667	340.6809426	7.944444444
324	6325.5	340.6599794	6.333333333
325	6336.333333	340.6264957	10.83333333
326	6345.166667	340.6252556	8.833333333
327	6349.777778	340.4313626	4.611111111
328	6355.833333	340.3787263	6.055555556
329	6363.333333	340.3037825	7.5
330	6370.111111	340.2265993	6.777777778
331	6375.444444	339.9647533	5.333333333
332	6383.611111	339.7871486	8.166666667
333	6389.444444	339.6471471	5.833333333
334	6395.833333	339.7797738	6.388888889
335	6405	339.8656716	9.166666667
336	6413.111111	339.8783069	8.111111111
337	6418.944444	339.7591494	5.833333333
338	6424.222222	339.6916502	5.277777778
339	6430	339.4472304	5.777777778
340	6437.111111	339.6058824	7.111111111
341	6443.611111	339.4237537	6.5
342	6451.166667	339.5003249	7.555555556
343	6455.833333	339.2805313	4.666666667
344	6462.611111	339.1497093	6.777777778
345	6470.833333	339.1320451	8.222222222
346	6479.055556	339.4007707	8.222222222
347	6485.5	339.5251361	6.444444444
348	6494.333333	339.5378352	8.833333333
349	6499.833333	339.4030564	5.5
350	6506.444444	339.3007937	6.611111111
351	6512.944444	339.2874327	6.5
352	6518.444444	339.0924874	5.5
353	6525	339.3034309	6.555555556
354	6531.222222	339.2933145	6.222222222
355	6538.388889	339.4557121	7.166666667
356	6544.055556	339.426186	5.666666667
357	6548.611111	339.3328665	4.555555556
358	6554.944444	339.233085	6.333333333
359	6561.055556	339.2208295	6.111111111
360	6566.222222	339.1432099	5.166666667
361	6572.833333	339.2469991	6.611111111
362	6578.888889	339.1835482	6.055555556
363	6583.111111	339.1548822	4.222222222
364	6588.333333	339.02442	5.222222222
365	6593.444444	338.8861492	5.111111111
366	6600.611111	338.9496053	7.166666667
367	6605.555556	338.7540115	4.944444444
368	6612.333333	338.7735507	6.777777778
369	6617	338.6415236	4.666666667
370	6621.5	338.6417417	4.5
371	6627.444444	338.6762504	5.944444444
372	6633.611111	338.7900239	6.166666667
373	6639.111111	338.6443253	5.5
374	6644.833333	338.5297089	5.722222222
375	6652.166667	338.6117037	7.333333333
376	6657.666667	338.5684102	5.5
377	6663.222222	338.3955202	5.555555556
378	6668.166667	338.3475897	4.944444444
379	6674.777778	338.1794195	6.611111111
380	6682.166667	338.0687135	7.388888889
381	6690.555556	338.2093905	8.388888889
382	6697.888889	338.3422048	7.333333333
383	6704.388889	338.1943719	6.5
384	6710.5	338.1176215	6.111111111
385	6717.944444	338.231746	7.444444444
386	6722.388889	338.0890904	4.444444444
387	6727.944444	338.1261843	5.555555556
388	6735	337.9567583	7.055555556
389	6742.222222	338.157098	7.222222222
390	6747.388889	338.0336182	5.166666667
391	6752.5	337.8464052	5.111111111
392	6760.5	338.0335884	8
393	6765.166667	337.8806899	4.666666667
394	6769.444444	337.8690073	4.277777778
395	6776.444444	337.8353024	7
396	6783.388889	337.7718855	6.944444444
397	6789.055556	337.7350966	5.666666667
398	6794.277778	337.7012842	5.222222222
399	6800.055556	337.6663882	5.777777778
400	6804.611111	337.5216667	4.555555556
401	6809.777778	337.3532835	5.166666667
402	6815.666667	337.2121338	5.888888889
403	6820.833333	337.0689275	5.166666667
404	6826.055556	336.9246425	5.222222222
405	6833.666667	336.8722908	7.611111111
406	6838.444444	336.7609469	4.777777778
407	6846.555556	336.9335244	8.111111111
408	6851.944444	336.8608388	5.388888889
409	6858.722222	336.7901385	6.777777778
410	6865.5	336.6295393	6.777777778
411	6872.333333	336.612598	6.833333333
412	6882.277778	336.7435275	9.944444444
413	6889.055556	336.6509282	6.777777778
414	6894.888889	336.6038647	5.833333333
415	6900.222222	336.4892905	5.333333333
416	6905.277778	336.4727564	5.055555556
417	6911.333333	336.5840661	6.055555556
418	6916.888889	336.4922913	5.555555556
419	6923.833333	336.3691329	6.944444444
420	6930.833333	336.3916667	7
421	6935.444444	336.2515176	4.611111111
422	6941.555556	336.2152449	6.111111111
423	6946.111111	336.0843184	4.555555556
424	6951.777778	336.0148061	5.666666667
425	6955.833333	335.8147712	4.055555556
426	6961.5	335.746218	5.666666667
427	6969.5	335.7504554	8
428	6974.611111	335.5961838	5.111111111
429	6979.722222	335.457265	5.111111111
430	6986.222222	335.3633075	6.5
431	6990.833333	335.1693735	4.611111111
432	6994.777778	335.0812757	3.944444444
433	7000.666667	334.9692071	5.888888889
434	7004.611111	334.9248592	3.944444444
435	7010.555556	334.9478927	5.944444444
436	7016.722222	334.8597095	6.166666667
437	7021.833333	334.8033308	5.111111111
438	7027.777778	334.7061136	5.944444444
439	7031.277778	334.640977	3.5
440	7036.722222	334.6483586	5.444444444
441	7041.222222	334.5411943	4.5
442	7044.388889	334.4077426	3.166666667
443	7051.611111	334.4910961	7.222222222
444	7056.277778	334.4928679	4.666666667
445	7062.111111	334.3234707	5.833333333
446	7067.333333	334.1626806	5.222222222
447	7074.611111	334.1321153	7.277777778
448	7080.277778	334.0667163	5.666666667
449	7085.666667	334.0794358	5.388888889
450	7090.055556	333.935679	4.388888889
451	7095.388889	333.8479921	5.333333333
452	7103	333.8834808	7.611111111
453	7110.222222	333.9239637	7.222222222
454	7116.666667	333.812653	6.444444444
455	7121.833333	333.7652015	5.166666667
456	7127.111111	333.8311404	5.277777778
457	7133.333333	333.7890834	6.222222222
458	7138.555556	333.8617176	5.222222222
459	7143.333333	333.8004115	4.777777778
460	7148.5	333.7471014	5.166666667
461	7155.222222	333.7652446	6.722222222
462	7160.111111	333.6801347	4.888888889
463	7167.888889	333.6790257	7.777777778
464	7173.666667	333.6282328	5.777777778
465	7180	333.6334528	6.333333333
466	7185.944444	333.5606819	5.944444444
467	7191.333333	333.5502022	5.388888889
468	7197.611111	333.6349715	6.277777778
469	7202.111111	333.5028429	4.5
470	7206.444444	333.4917258	4.333333333
471	7212.055556	333.5533145	5.611111111
472	7218.222222	333.4256121	6.166666667
473	7223	333.3939394	4.777777778
474	7228.5	333.4456165	5.5
475	7232.833333	333.4176608	4.333333333
476	7237.777778	333.3997432	4.944444444
477	7244.555556	333.340205	6.777777778
478	7250.777778	333.3735472	6.222222222
479	7255.333333	333.2674553	4.555555556
480	7259.944444	333.2789352	4.611111111
481	7264.666667	333.1735967	4.722222222
482	7269.222222	333.1582527	4.555555556
483	7273.388889	333.1582701	4.166666667
484	7278.222222	333.1129477	4.833333333
485	7282.388889	333.1781214	4.166666667
486	7286.666667	333.1021948	4.277777778
487	7293.388889	333.1087155	6.722222222
488	7299.222222	333.0985883	5.833333333
489	7304.388889	333.053965	5.166666667
490	7308.666667	332.9511338	4.277777778
491	7314.666667	332.8423852	6
492	7320.611111	332.8233966	5.944444444
493	7327.611111	332.9346405	7
494	7331.888889	332.8226496	4.277777778
495	7338	332.7148148	6.111111111
496	7341.555556	332.5218414	3.555555556
497	7346.5	332.4217527	4.944444444
498	7352.333333	332.3879964	5.833333333
499	7355.777778	332.2899132	3.444444444
500	7359.388889	332.1392222	3.611111111
501	7362.944444	332.0302728	3.555555556
502	7369.5	332.1328021	6.555555556
503	7376.277778	332.1866578	6.777777778
504	7381.222222	332.2164903	4.944444444
505	7386.222222	332.2243124	5
506	7390.277778	332.1815986	4.055555556
507	7395.722222	332.0402148	5.444444444
508	7400.611111	332.0745844	4.888888889
509	7407.222222	332.1092556	6.611111111
510	7412.388889	332.1222222	5.166666667
511	7416.833333	332.0339204	4.444444444
512	7421.055556	331.8728299	4.222222222
513	7425.222222	331.7930474	4.166666667
514	7430.333333	331.758971	5.111111111
515	7434.055556	331.5312837	3.722222222
516	7438.277778	331.3687554	4.222222222
517	7442.833333	331.3219428	4.555555556
518	7448.777778	331.4122694	5.944444444
519	7453.555556	331.3500321	4.777777778
520	7458.222222	331.2970085	4.666666667
521	7464	331.2140115	5.777777778
522	7468.611111	331.1302682	4.611111111
523	7473.111111	330.9987253	4.5
524	7475.5	330.8155216	2.388888889
525	7482.833333	330.8031746	7.333333333
526	7488.166667	330.6921208	5.333333333
527	7492.666667	330.6090027	4.5
528	7496.722222	330.4761153	4.055555556
529	7501.555556	330.5467339	4.833333333
530	7506.166667	330.3955975	4.611111111
531	7511.222222	330.4263444	5.055555556
532	7516.722222	330.4455931	5.5
533	7521.333333	330.3530331	4.611111111
534	7527.388889	330.3684977	6.055555556
535	7533.111111	330.3094496	5.722222222
536	7537.555556	330.2292703	4.444444444
537	7543.277778	330.3088144	5.722222222
538	7548.333333	330.2836638	5.055555556
539	7553.888889	330.2486085	5.555555556
540	7560.555556	330.2877572	6.666666667
541	7567.555556	330.3313822	7
542	7573.555556	330.2900779	6
543	7579.444444	330.2620217	5.888888889
544	7584.222222	330.2464257	4.777777778
545	7588.833333	330.2074414	4.611111111
546	7593.833333	330.1980057	5
547	7598.555556	330.2434491	4.722222222
548	7601.944444	330.1075629	3.388888889
549	7606.777778	330.0235782	4.833333333
550	7612.444444	330.0648485	5.666666667
551	7616.666667	329.9968744	4.222222222
552	7621.5	329.9885266	4.833333333
553	7627.166667	330.1354229	5.666666667
554	7631.333333	330.0720016	4.166666667
555	7636.222222	330.1344344	4.888888889
556	7640.5	330.0697442	4.277777778
557	7646.055556	330.1139038	5.555555556
558	7650.722222	330.0333532	4.666666667
559	7659.055556	330.1725303	8.333333333
560	7664.111111	330.1606151	5.055555556
561	7668.666667	330.1286393	4.555555556
562	7672.055556	330.1840648	3.388888889
563	7676.333333	330.1005526	4.277777778
564	7681.111111	330.1252955	4.777777778
565	7686.333333	330.0795477	5.222222222
566	7691.055556	330.0966824	4.722222222
567	7698.111111	330.1985107	7.055555556
568	7702.111111	330.1769366	4
569	7706.055556	330.2000586	3.944444444
570	7711.5	330.0774854	5.444444444
571	7716.611111	330.1078031	5.111111111
572	7721.388889	330.0537102	4.777777778
573	7725.944444	330.0980221	4.555555556
574	7731	330.0572977	5.055555556
575	7736.5	330.0676329	5.5
576	7739.5	329.9934414	3
577	7743.444444	329.928654	3.944444444
578	7747.722222	329.8541907	4.277777778
579	7752.5	329.7689503	4.777777778
580	7757.277778	329.7868774	4.777777778
581	7761.444444	329.8323771	4.166666667
582	7766.444444	329.8306606	5
583	7771.277778	329.7663427	4.833333333
584	7774.055556	329.6674277	2.777777778
585	7779.388889	329.7394112	5.333333333
586	7784.388889	329.6711225	5
587	7789.277778	329.5479841	4.888888889
588	7793.166667	329.5047241	3.888888889
589	7798.666667	329.483588	5.5
590	7803.555556	329.4498117	4.888888889
591	7807.944444	329.4350442	4.388888889
592	7813.777778	329.4253941	5.833333333
593	7820.555556	329.4616826	6.777777778
594	7827.833333	329.6416947	7.277777778
595	7833.055556	329.6089636	5.222222222
596	7840	329.7263236	6.944444444
597	7845.888889	329.8128606	5.888888889
598	7851.333333	329.7716462	5.444444444
599	7855.722222	329.7432758	4.388888889
600	7859.722222	329.7548148	4