Parameter Settings:
alpha = 0.1
gamma = 0.9
zeta = 0.1
block position = [(2.0, 5.0), (11.0, 1.0), (5.0, 4.0), (3.0, 7.0), (12.0, 8.0), (9.0, 5.0), (8.0, 5.0), (1.0, 2.0), (1.0, 8.0), (11.0, 2.0), (6.0, 7.0), (6.0, 5.0), (2.0, 7.0), (10.0, 2.0), (10.0, 6.0)]
VICTIM position = [(6.0, 4.0), (11.0, 6.0), (7.0, 8.0), (10.0, 7.0), (8.0, 3.0), (5.0, 8.0), (7.0, 1.0), (5.0, 1.0), (3.0, 8.0), (11.0, 3.0), (3.0, 2.0), (8.0, 2.0), (9.0, 7.0), (4.0, 3.0), (9.0, 8.0), (1.0, 7.0), (7.0, 3.0), (5.0, 3.0), (11.0, 4.0), (1.0, 5.0)]
Turn     Block     VICTIM     Hit     TurnStep     TotalStep     
1        15        20          49        228           228                  13.411764705882353
2        15        20          76        128           356                  10.17142857142857
3        15        20          128        185           541                  10.20754716981132
4        15        20          171        208           749                  10.855072463768115
5        15        20          198        109           858                  10.094117647058823
6        15        20          213        74           932                  9.32
7        15        20          244        86           1018                  8.775862068965518
8        15        20          270        130           1148                  8.696969696969697
