Parameter Settings:
alpha = 0.1
gamma = 0.9
zeta = 0.1
block position = [(4.0, 3.0), (11.0, 6.0), (4.0, 5.0), (9.0, 2.0), (4.0, 6.0), (7.0, 3.0), (4.0, 1.0), (8.0, 3.0), (8.0, 8.0), (8.0, 6.0), (11.0, 2.0), (1.0, 1.0), (8.0, 2.0), (9.0, 8.0), (7.0, 6.0)]
VICTIM position = [(2.0, 1.0), (9.0, 1.0), (5.0, 4.0), (3.0, 3.0), (7.0, 1.0), (3.0, 2.0), (4.0, 4.0), (8.0, 1.0), (6.0, 4.0), (3.0, 7.0), (10.0, 6.0), (6.0, 2.0), (5.0, 5.0), (6.0, 5.0), (6.0, 1.0), (2.0, 3.0), (1.0, 7.0), (10.0, 1.0), (2.0, 5.0), (5.0, 1.0)]
Turn     Block     VICTIM     Hit     TurnStep     TotalStep     
1        15        20          46        132           132                  8.8
2        15        20          75        81           213                  6.65625
3        15        20          125        205           418                  8.53061224489796
4        15        20          190        300           718                  10.878787878787879
5        15        20          231        204           922                  11.108433734939759
6        15        20          253        73           995                  9.95
7        15        20          302        279           1274                  10.982758620689655
8        15        20          336        132           1406                  10.651515151515152
9        15        20          377        268           1674                  11.086092715231787
