Parameter Settings:
alpha = 0.1
gamma = 0.9
zeta = 0.1
block position = [(1.0, 3.0), (10.0, 3.0), (12.0, 7.0), (8.0, 5.0), (9.0, 6.0), (6.0, 7.0), (3.0, 2.0), (12.0, 2.0), (2.0, 3.0), (1.0, 5.0), (5.0, 8.0), (4.0, 7.0), (3.0, 1.0), (3.0, 5.0), (8.0, 8.0)]
VICTIM position = [(1.0, 1.0), (5.0, 1.0), (7.0, 4.0), (10.0, 5.0), (1.0, 6.0), (10.0, 4.0), (9.0, 4.0), (4.0, 6.0), (1.0, 2.0), (6.0, 3.0), (12.0, 1.0), (10.0, 2.0), (11.0, 6.0), (7.0, 3.0), (3.0, 3.0), (6.0, 4.0), (4.0, 4.0), (1.0, 7.0), (7.0, 5.0), (11.0, 8.0)]
Turn     Block     VICTIM     Hit     TurnStep     TotalStep     
1        15        20          92        163           163                  10.1875
2        15        20          147        84           247                  7.967741935483871
3        15        20          211        174           421                  8.770833333333334
4        15        20          350        266           687                  10.253731343283581
5        15        20          374        71           758                  9.24390243902439
6        15        20          402        81           839                  8.649484536082474
7        15        20          439        90           929                  8.294642857142858
8        15        20          465        110           1039                  8.1171875
