Parameter Settings:
alpha = 0.1
gamma = 0.9
zeta = 0.1
block position = [(1.0, 3.0), (4.0, 1.0), (4.0, 2.0), (7.0, 6.0), (4.0, 4.0), (6.0, 1.0), (9.0, 2.0), (12.0, 6.0), (5.0, 5.0), (3.0, 3.0), (10.0, 1.0), (9.0, 7.0), (11.0, 4.0), (3.0, 8.0), (6.0, 2.0)]
VICTIM position = [(12.0, 7.0), (1.0, 5.0), (5.0, 3.0), (12.0, 1.0), (12.0, 3.0), (10.0, 2.0), (8.0, 8.0), (11.0, 1.0), (7.0, 4.0), (3.0, 6.0), (12.0, 5.0), (4.0, 7.0), (1.0, 4.0), (9.0, 3.0), (11.0, 2.0), (10.0, 4.0), (10.0, 6.0), (4.0, 5.0), (3.0, 5.0), (9.0, 5.0)]
Turn     Block     VICTIM     Hit     TurnStep     TotalStep     
1        15        20          198        392           392                  21.77777777777778
2        15        20          250        149           541                  15.457142857142857
3        15        20          279        82           623                  12.215686274509803
4        15        20          322        69           692                  10.484848484848484
