Parameter Settings:
alpha = 0.1
gamma = 0.9
zeta = 0.1
block position = [(7.0, 6.0), (9.0, 8.0), (11.0, 4.0), (10.0, 8.0), (9.0, 2.0), (4.0, 3.0), (5.0, 5.0), (8.0, 2.0), (8.0, 3.0), (3.0, 3.0), (2.0, 8.0), (11.0, 3.0), (9.0, 1.0), (12.0, 1.0), (2.0, 1.0)]
VICTIM position = [(10.0, 6.0), (1.0, 6.0), (9.0, 4.0), (2.0, 3.0), (6.0, 6.0), (2.0, 4.0), (4.0, 6.0), (3.0, 1.0), (4.0, 2.0), (4.0, 1.0), (2.0, 5.0), (1.0, 8.0), (1.0, 3.0), (11.0, 1.0), (7.0, 4.0), (6.0, 1.0), (1.0, 1.0), (5.0, 6.0), (1.0, 5.0), (2.0, 6.0)]
Turn     Block     VICTIM     Hit     TurnStep     TotalStep     
1        15        20          72        144           144                  9.6
2        15        20          110        73           217                  7.0
3        15        20          211        183           400                  8.695652173913043
4        15        20          242        92           492                  7.935483870967742
5        15        20          268        76           568                  7.282051282051282
6        15        20          306        72           640                  6.881720430107527
7        15        20          345        116           756                  6.872727272727273
8        15        20          360        41           797                  6.376
