Parameter Settings:
alpha = 0.1
gamma = 0.9
zeta = 0.1
block position = [(2.0, 8.0), (10.0, 7.0), (6.0, 5.0), (2.0, 4.0), (11.0, 6.0), (3.0, 5.0), (7.0, 2.0), (5.0, 3.0), (5.0, 8.0), (5.0, 4.0), (12.0, 1.0), (2.0, 1.0), (5.0, 2.0), (2.0, 6.0), (7.0, 5.0)]
VICTIM position = [(10.0, 2.0), (2.0, 7.0), (9.0, 3.0), (2.0, 3.0), (6.0, 8.0), (5.0, 5.0), (8.0, 5.0), (7.0, 7.0), (1.0, 3.0), (3.0, 1.0), (12.0, 8.0), (7.0, 3.0), (11.0, 3.0), (10.0, 8.0), (4.0, 5.0), (8.0, 3.0), (8.0, 1.0), (12.0, 6.0), (8.0, 6.0), (5.0, 6.0)]
Turn     Block     VICTIM     Hit     TurnStep     TotalStep     
1        15        20          81        116           116                  7.733333333333333
2        15        20          148        173           289                  9.32258064516129
3        15        20          201        91           380                  8.085106382978724
