Parameter Settings:
alpha = 0.1
gamma = 0.9
zeta = 0.1
block position = [(12.0, 8.0), (3.0, 3.0), (4.0, 2.0), (8.0, 6.0), (8.0, 8.0), (8.0, 2.0), (8.0, 4.0), (12.0, 5.0), (11.0, 3.0), (11.0, 2.0), (7.0, 6.0), (2.0, 1.0), (3.0, 1.0), (1.0, 4.0), (4.0, 1.0)]
VICTIM position = [(1.0, 6.0), (10.0, 6.0), (5.0, 8.0), (2.0, 5.0), (11.0, 6.0), (3.0, 6.0), (2.0, 3.0), (5.0, 4.0), (11.0, 8.0), (9.0, 2.0), (12.0, 6.0), (9.0, 7.0), (10.0, 5.0), (5.0, 1.0), (9.0, 6.0), (7.0, 7.0), (7.0, 1.0), (1.0, 2.0), (9.0, 5.0), (1.0, 1.0)]
Turn     Block     VICTIM     Hit     TurnStep     TotalStep     
1        15        20          47        143           143                  7.526315789473684
2        15        20          164        403           546                  15.166666666666666
3        15        20          199        202           748                  14.384615384615385
4        15        20          202        58           806                  12.029850746268657
5        15        20          233        109           915                  11.158536585365853
