Parameter Settings:
alpha = 0.1
gamma = 0.9
zeta = 0.1
block position = [(6.0, 1.0), (2.0, 8.0), (12.0, 2.0), (8.0, 6.0), (3.0, 1.0), (4.0, 5.0), (11.0, 4.0), (3.0, 8.0), (9.0, 7.0), (11.0, 2.0), (11.0, 3.0), (4.0, 1.0), (10.0, 5.0), (5.0, 3.0), (2.0, 7.0)]
VICTIM position = [(9.0, 6.0), (10.0, 6.0), (1.0, 5.0), (3.0, 4.0), (3.0, 7.0), (7.0, 7.0), (8.0, 3.0), (10.0, 7.0), (1.0, 1.0), (7.0, 1.0), (8.0, 7.0), (6.0, 3.0), (7.0, 4.0), (4.0, 4.0), (12.0, 1.0), (4.0, 6.0), (3.0, 3.0), (10.0, 8.0), (9.0, 4.0), (9.0, 3.0)]
Turn     Block     VICTIM     Hit     TurnStep     TotalStep     
1        15        20          70        183           183                  10.764705882352942
2        15        20          123        164           347                  10.515151515151516
3        15        20          147        109           456                  9.5
