Parameter Settings:
alpha = 0.1
gamma = 0.9
zeta = 0.1
block position = [(9.0, 2.0), (3.0, 5.0), (11.0, 4.0), (11.0, 3.0), (9.0, 1.0), (6.0, 8.0), (9.0, 5.0), (2.0, 3.0), (12.0, 7.0), (3.0, 6.0), (1.0, 3.0), (4.0, 6.0), (8.0, 5.0), (1.0, 6.0), (5.0, 8.0)]
VICTIM position = [(2.0, 7.0), (6.0, 1.0), (5.0, 7.0), (12.0, 4.0), (4.0, 4.0), (8.0, 4.0), (7.0, 6.0), (8.0, 7.0), (8.0, 1.0), (4.0, 3.0), (7.0, 2.0), (1.0, 7.0), (6.0, 3.0), (8.0, 3.0), (5.0, 4.0), (1.0, 5.0), (7.0, 8.0), (11.0, 8.0), (10.0, 4.0), (12.0, 2.0)]
Turn     Block     VICTIM     Hit     TurnStep     TotalStep     
1        15        20          55        180           180                  10.588235294117647
2        15        20          93        143           323                  9.787878787878787
3        15        20          121        167           490                  9.8
4        15        20          158        208           698                  9.971428571428572
5        15        20          181        88           786                  9.13953488372093
6        15        20          205        140           926                  9.168316831683168
7        15        20          249        184           1110                  9.25
8        15        20          265        129           1239                  9.177777777777777
