Parameter Settings:
alpha = 0.1
gamma = 0.9
zeta = 0.1
block position = [(5.0, 3.0), (3.0, 2.0), (3.0, 7.0), (9.0, 4.0), (7.0, 6.0), (8.0, 7.0), (2.0, 4.0), (6.0, 3.0), (2.0, 3.0), (4.0, 3.0), (10.0, 5.0), (2.0, 5.0), (6.0, 6.0), (9.0, 3.0), (6.0, 7.0)]
VICTIM position = [(2.0, 2.0), (11.0, 4.0), (8.0, 1.0), (7.0, 3.0), (11.0, 7.0), (5.0, 4.0), (3.0, 1.0), (10.0, 4.0), (4.0, 5.0), (12.0, 6.0), (3.0, 4.0), (6.0, 4.0), (12.0, 2.0), (5.0, 7.0), (10.0, 6.0), (10.0, 1.0), (7.0, 5.0), (10.0, 3.0), (2.0, 7.0), (12.0, 1.0)]
Turn     Block     VICTIM     Hit     TurnStep     TotalStep     
1        15        20          109        190           190                  11.875
2        15        20          153        92           282                  8.8125
3        15        20          195        80           362                  7.702127659574468
4        15        20          233        88           450                  7.142857142857143
5        15        20          308        203           653                  8.371794871794872
6        15        20          335        73           726                  7.723404255319149
7        15        20          383        138           864                  7.8545454545454545
8        15        20          421        101           965                  7.658730158730159
