Parameter Settings:
alpha = 0.1
gamma = 0.9
zeta = 0.1
block position = [(4.0, 6.0), (9.0, 5.0), (2.0, 3.0), (10.0, 2.0), (8.0, 2.0), (9.0, 2.0), (6.0, 8.0), (7.0, 4.0), (5.0, 1.0), (12.0, 7.0), (5.0, 2.0), (11.0, 7.0), (10.0, 8.0), (11.0, 5.0), (6.0, 1.0)]
VICTIM position = [(10.0, 3.0), (10.0, 4.0), (9.0, 1.0), (5.0, 3.0), (12.0, 1.0), (6.0, 7.0), (9.0, 6.0), (5.0, 8.0), (9.0, 7.0), (2.0, 8.0), (12.0, 4.0), (10.0, 7.0), (1.0, 2.0), (8.0, 7.0), (1.0, 4.0), (11.0, 1.0), (6.0, 6.0), (3.0, 7.0), (4.0, 4.0), (5.0, 6.0)]
Turn     Block     VICTIM     Hit     TurnStep     TotalStep     
1        15        20          42        136           136                  8.5
2        15        20          126        157           293                  9.15625
3        15        20          155        85           378                  8.042553191489361
