Parameter Settings:
alpha = 0.1
gamma = 0.9
zeta = 0.1
block position = [(11.0, 5.0), (6.0, 4.0), (5.0, 5.0), (9.0, 8.0), (2.0, 6.0), (10.0, 2.0), (8.0, 1.0), (10.0, 1.0), (7.0, 1.0), (10.0, 3.0), (2.0, 2.0), (7.0, 2.0), (6.0, 1.0), (12.0, 5.0), (3.0, 8.0)]
VICTIM position = [(3.0, 1.0), (12.0, 1.0), (9.0, 1.0), (12.0, 2.0), (9.0, 5.0), (5.0, 2.0), (6.0, 7.0), (2.0, 3.0), (1.0, 1.0), (8.0, 4.0), (3.0, 6.0), (7.0, 7.0), (4.0, 7.0), (3.0, 7.0), (9.0, 7.0), (12.0, 3.0), (8.0, 5.0), (3.0, 2.0), (1.0, 8.0), (8.0, 8.0)]
Turn     Block     VICTIM     Hit     TurnStep     TotalStep     
1        15        20          131        352           352                  22.0
2        15        20          158        107           459                  14.34375
3        15        20          215        267           726                  13.961538461538462
4        15        20          238        97           823                  12.283582089552239
