Parameter Settings:
alpha = 0.1
gamma = 0.9
zeta = 0.1
block position = [(4.0, 6.0), (5.0, 1.0), (11.0, 6.0), (3.0, 3.0), (12.0, 2.0), (3.0, 7.0), (7.0, 7.0), (6.0, 1.0), (11.0, 1.0), (10.0, 4.0), (1.0, 8.0), (1.0, 4.0), (4.0, 2.0), (8.0, 2.0), (4.0, 7.0)]
VICTIM position = [(12.0, 7.0), (7.0, 5.0), (6.0, 7.0), (11.0, 4.0), (8.0, 4.0), (5.0, 3.0), (1.0, 6.0), (11.0, 7.0), (3.0, 5.0), (12.0, 8.0), (7.0, 6.0), (3.0, 1.0), (5.0, 6.0), (10.0, 2.0), (6.0, 2.0), (2.0, 6.0), (2.0, 5.0), (5.0, 7.0), (9.0, 4.0), (8.0, 3.0)]
Turn     Block     VICTIM     Hit     TurnStep     TotalStep     
1        15        20          63        95           95                  5.9375
2        15        20          104        77           172                  5.375
3        15        20          194        172           344                  7.319148936170213
