Parameter Settings:
alpha = 0.1
gamma = 0.9
zeta = 0.1
block position = [(9.0, 3.0), (6.0, 7.0), (7.0, 8.0), (5.0, 6.0), (5.0, 1.0), (3.0, 5.0), (5.0, 2.0), (8.0, 6.0), (3.0, 3.0), (11.0, 4.0), (11.0, 5.0), (1.0, 5.0), (11.0, 2.0), (12.0, 7.0), (12.0, 4.0)]
VICTIM position = [(6.0, 6.0), (1.0, 7.0), (8.0, 7.0), (11.0, 1.0), (8.0, 8.0), (12.0, 2.0), (6.0, 1.0), (9.0, 7.0), (4.0, 4.0), (2.0, 2.0), (3.0, 8.0), (4.0, 3.0), (2.0, 7.0), (11.0, 8.0), (6.0, 4.0), (9.0, 6.0), (6.0, 3.0), (5.0, 7.0), (2.0, 1.0), (7.0, 3.0)]
Turn     Block     VICTIM     Hit     TurnStep     TotalStep     
1        15        20          82        184           184                  10.823529411764707
2        15        20          136        121           305                  8.970588235294118
3        15        20          183        123           428                  8.56
4        15        20          227        214           642                  9.441176470588236
5        15        20          260        248           890                  10.470588235294118
6        15        20          308        282           1172                  11.37864077669903
7        15        20          319        69           1241                  10.516949152542374
