Parameter Settings:
alpha = 0.1
gamma = 0.9
zeta = 0.1
block position = [(5.0, 4.0), (5.0, 1.0), (12.0, 2.0), (9.0, 8.0), (11.0, 2.0), (7.0, 4.0), (3.0, 5.0), (11.0, 1.0), (1.0, 5.0), (9.0, 1.0), (3.0, 6.0), (3.0, 4.0), (10.0, 5.0), (1.0, 6.0), (2.0, 4.0)]
VICTIM position = [(9.0, 4.0), (6.0, 5.0), (8.0, 4.0), (1.0, 1.0), (8.0, 1.0), (7.0, 6.0), (5.0, 8.0), (3.0, 3.0), (7.0, 3.0), (5.0, 5.0), (6.0, 6.0), (9.0, 2.0), (8.0, 6.0), (10.0, 1.0), (1.0, 3.0), (1.0, 4.0), (3.0, 8.0), (4.0, 4.0), (6.0, 1.0), (12.0, 1.0)]
Turn     Block     VICTIM     Hit     TurnStep     TotalStep     
1        15        20          60        148           148                  9.25
2        15        20          91        160           308                  9.333333333333334
3        15        20          148        149           457                  8.96078431372549
4        15        20          170        91           548                  8.058823529411764
5        15        20          220        216           764                  9.204819277108435
6        15        20          260        194           958                  9.485148514851485
7        15        20          304        183           1141                  9.752136752136753
8        15        20          320        110           1251                  9.477272727272727
