Parameter Settings:
alpha = 0.1
gamma = 0.9
zeta = 0.1
block position = [(12.0, 1.0), (12.0, 5.0), (5.0, 6.0), (7.0, 7.0), (4.0, 8.0), (12.0, 2.0), (1.0, 2.0), (2.0, 3.0), (2.0, 2.0), (10.0, 5.0), (8.0, 7.0), (7.0, 5.0), (8.0, 4.0), (6.0, 4.0), (4.0, 7.0)]
VICTIM position = [(10.0, 3.0), (11.0, 7.0), (12.0, 7.0), (9.0, 3.0), (7.0, 4.0), (11.0, 3.0), (10.0, 2.0), (1.0, 1.0), (1.0, 7.0), (2.0, 1.0), (4.0, 3.0), (5.0, 2.0), (1.0, 6.0), (10.0, 1.0), (11.0, 2.0), (3.0, 2.0), (5.0, 8.0), (2.0, 6.0), (8.0, 2.0), (4.0, 1.0)]
Turn     Block     VICTIM     Hit     TurnStep     TotalStep     
1        15        20          37        94           94                  5.875
2        15        20          56        77           171                  5.516129032258065
3        15        20          83        122           293                  6.369565217391305
4        15        20          116        102           395                  6.370967741935484
5        15        20          167        116           511                  6.551282051282051
6        15        20          201        132           643                  6.840425531914893
7        15        20          227        106           749                  6.871559633027523
8        15        20          255        139           888                  7.104
9        15        20          283        126           1014                  7.242857142857143
