Parameter Settings:
alpha = 0.1
gamma = 0.9
zeta = 0.1
block position = [(12.0, 3.0), (9.0, 5.0), (4.0, 2.0), (10.0, 1.0), (7.0, 3.0), (1.0, 5.0), (1.0, 7.0), (8.0, 1.0), (5.0, 5.0), (7.0, 2.0), (2.0, 3.0), (6.0, 3.0), (6.0, 7.0), (10.0, 8.0), (2.0, 5.0)]
VICTIM position = [(4.0, 1.0), (5.0, 4.0), (4.0, 6.0), (11.0, 8.0), (12.0, 8.0), (6.0, 2.0), (3.0, 4.0), (7.0, 6.0), (6.0, 4.0), (4.0, 5.0), (8.0, 2.0), (1.0, 8.0), (8.0, 7.0), (1.0, 4.0), (6.0, 8.0), (5.0, 3.0), (9.0, 6.0), (9.0, 7.0), (10.0, 7.0), (12.0, 5.0)]
Turn     Block     VICTIM     Hit     TurnStep     TotalStep     
1        15        20          33        113           113
2        15        20          146        422           535
3        15        20          189        136           671
4        15        20          220        122           793
5        15        20          255        78           871
6        15        20          315        295           1166
7        15        20          344        144           1310
8        15        20          356        90           1400
9        15        20          364        59           1459
