Parameter Settings:
alpha = 0.1
gamma = 0.9
zeta = 0.1
block position = [(9.0, 2.0), (7.0, 7.0), (5.0, 2.0), (1.0, 4.0), (10.0, 8.0), (9.0, 3.0), (1.0, 3.0), (8.0, 7.0), (11.0, 1.0), (7.0, 5.0), (9.0, 6.0), (8.0, 8.0), (11.0, 4.0), (6.0, 8.0), (1.0, 5.0)]
VICTIM position = [(4.0, 4.0), (10.0, 7.0), (3.0, 7.0), (9.0, 8.0), (11.0, 3.0), (3.0, 6.0), (8.0, 1.0), (6.0, 1.0), (5.0, 4.0), (9.0, 5.0), (12.0, 8.0), (10.0, 6.0), (11.0, 8.0), (10.0, 3.0), (6.0, 5.0), (6.0, 2.0), (8.0, 2.0), (7.0, 3.0), (12.0, 2.0), (12.0, 7.0)]
Turn     Block     VICTIM     Hit     TurnStep     TotalStep     
1        15        20          56        224           224                  12.444444444444445
2        15        20          126        301           525                  14.583333333333334
3        15        20          225        293           818                  15.73076923076923
4        15        20          241        90           908                  13.552238805970148
