Parameter Settings:
alpha = 0.1
gamma = 0.9
zeta = 0.1
block position = [(3.0, 4.0), (12.0, 2.0), (4.0, 3.0), (8.0, 7.0), (9.0, 6.0), (3.0, 1.0), (1.0, 5.0), (2.0, 2.0), (12.0, 8.0), (12.0, 4.0), (6.0, 4.0), (4.0, 5.0), (9.0, 2.0), (4.0, 6.0), (11.0, 3.0)]
VICTIM position = [(5.0, 7.0), (6.0, 6.0), (4.0, 4.0), (2.0, 4.0), (2.0, 8.0), (5.0, 8.0), (7.0, 2.0), (2.0, 5.0), (2.0, 6.0), (1.0, 4.0), (8.0, 8.0), (1.0, 1.0), (1.0, 7.0), (5.0, 3.0), (8.0, 6.0), (11.0, 6.0), (10.0, 4.0), (11.0, 1.0), (11.0, 4.0), (4.0, 2.0)]
Turn     Block     VICTIM     Hit     TurnStep     TotalStep     
1        15        20          103        311           311
2        15        20          136        108           419
3        15        20          187        107           526
4        15        20          254        229           755
5        15        20          263        60           815
6        15        20          290        126           941
