Parameter Settings:
alpha = 0.1
gamma = 0.9
zeta = 0.1
block position = [(2.0, 1.0), (2.0, 2.0), (9.0, 1.0), (5.0, 5.0), (1.0, 1.0), (12.0, 4.0), (3.0, 2.0), (1.0, 5.0), (9.0, 6.0), (8.0, 3.0), (7.0, 7.0), (4.0, 4.0), (11.0, 2.0), (9.0, 8.0), (7.0, 4.0)]
VICTIM position = [(11.0, 3.0), (11.0, 1.0), (8.0, 8.0), (4.0, 6.0), (7.0, 6.0), (8.0, 7.0), (5.0, 4.0), (7.0, 3.0), (7.0, 8.0), (5.0, 2.0), (8.0, 1.0), (6.0, 1.0), (8.0, 4.0), (12.0, 2.0), (2.0, 7.0), (3.0, 3.0), (3.0, 6.0), (1.0, 4.0), (12.0, 3.0), (5.0, 3.0)]
Turn     Block     VICTIM     Hit     TurnStep     TotalStep     
1        15        20          87        137           137                  8.058823529411764
2        15        20          138        132           269                  7.911764705882353
3        15        20          161        49           318                  6.489795918367347
