Parameter Settings:
alpha = 0.2
gamma = 0.8
zeta = 0.1
epsilon = 1
sensitivity = 3
ln_t = 1
block position = [(2.0, 2.0), (1.0, 5.0), (2.0, 1.0), (12.0, 1.0), (8.0, 8.0), (9.0, 10.0), (10.0, 3.0), (17.0, 10.0), (13.0, 4.0), (4.0, 2.0), (1.0, 8.0), (11.0, 9.0), (10.0, 1.0), (16.0, 1.0), (1.0, 3.0), (10.0, 2.0), (14.0, 10.0), (2.0, 6.0), (12.0, 8.0), (14.0, 2.0), (8.0, 6.0), (8.0, 3.0), (17.0, 2.0), (18.0, 10.0), (15.0, 3.0)]
VICTIM position = [(3.0, 9.0), (16.0, 8.0), (7.0, 9.0), (3.0, 3.0), (5.0, 12.0), (4.0, 7.0), (6.0, 2.0), (9.0, 8.0), (5.0, 1.0), (3.0, 5.0), (13.0, 7.0), (13.0, 1.0), (2.0, 8.0), (17.0, 6.0), (16.0, 12.0), (6.0, 6.0), (5.0, 6.0), (2.0, 9.0), (18.0, 6.0), (17.0, 3.0), (9.0, 5.0), (10.0, 11.0), (15.0, 2.0), (14.0, 4.0), (9.0, 7.0), (15.0, 8.0), (8.0, 7.0), (13.0, 3.0), (14.0, 9.0), (1.0, 12.0), (18.0, 11.0), (17.0, 8.0), (1.0, 6.0), (14.0, 12.0), (16.0, 2.0), (12.0, 2.0), (9.0, 6.0), (11.0, 3.0), (9.0, 3.0), (10.0, 6.0)]
Turn     Block     VICTIM     Hit         communication               TurnStep     TotalStep     
