1	116	278	116
2	193	268	77
3	300	322.6666667	107
4	323	300	23
5	409	303	86
6	461	281.3333333	52
7	518	264.4285714	57
8	569	261.875	51
9	620	250	51
10	663	240	43
11	701	234.7272727	38
12	738	245.1666667	37
13	770	238.5384615	32
14	805	232.6428571	35
15	837	231.0666667	32
16	879	237.9375	42
17	897	232.4705882	18
18	925	228.0555556	28
19	953	223.6842105	28
20	983	231.9	30
21	1005	233	22
22	1013	230.4545455	8
23	1035	232.4782609	22
24	1063	228.9166667	28
25	1106	233.12	43
26	1139	237.5	33
27	1152	235.5185185	13
28	1166	232.3571429	14
29	1191	231.0689655	25
30	1200	226.7333333	9
31	1220	224.9677419	20
32	1250	224.25	30
33	1283	224.5454545	33
34	1338	236.2941176	55
35	1352	232.4	14
36	1366	230.6666667	14
37	1370	226.6756757	4
38	1373	222.9210526	3
39	1380	221.6666667	7
40	1391	221.8	11
41	1401	219.4634146	10
42	1407	219.7142857	6
43	1424	218.4651163	17
44	1441	216.6136364	17
45	1460	213.4888889	19
46	1514	219.1521739	54
47	1525	216.787234	11
48	1535	215.9375	10
49	1538	216.877551	3
50	1559	223.8	21
51	1574	222.4705882	15
52	1596	223.0384615	22
53	1605	221.3396226	9
54	1628	221.8888889	23
55	1641	219.8181818	13
56	1646	217.2321429	5
57	1655	217.7368421	9
58	1664	215.8793103	9
59	1682	216.8813559	18
60	1690	215.6166667	8
61	1713	218.6065574	23
62	1726	217.9516129	13
63	1758	217.3333333	32
64	1769	217.75	11
65	1772	216.0153846	3
66	1786	216.1363636	14
67	1798	215.0447761	12
68	1809	213.7941176	11
69	1818	211.5797101	9
70	1853	212.4714286	35
71	1859	211.0985915	6
72	1866	210.1666667	7
73	1887	211.7534247	21
74	1916	212.2837838	29
75	1928	212.3066667	12
76	1928	210.5394737	0
77	1939	210.0649351	11
78	1953	209.9358974	14
79	1966	212.5443038	13
80	1970	211.8125	4
81	1973	210.4320988	3
82	1978	208.9390244	5
83	2003	211.3493976	25
84	2014	210.6666667	11
85	2021	210.2823529	7
86	2033	209.6744186	12
87	2046	210.4367816	13
88	2055	215.9886364	9
89	2058	214.1910112	3
90	2061	212.4333333	3
91	2067	211.4065934	6
92	2079	210.8695652	12
93	2086	209.4408602	7
94	2101	208.9042553	15
95	2114	208.7263158	13
96	2122	208.34375	8
97	2136	210.3195876	14
98	2144	209.1530612	8
99	2150	208.5656566	6
100	2172	209	22
101	2174	207.4950495	2
102	2188	206.372549	14
103	2199	206.4368932	11
104	2206	205.375	7
105	2214	204.6285714	8
106	2223	205.9056604	9
107	2234	206.4392523	11
108	2241	205.9259259	7
109	2244	206.0642202	3
110	2260	205.1181818	16
111	2261	204.5225225	1
112	2265	203.5446429	4
113	2272	205.4955752	7
114	2278	204.7192982	6
115	2291	206.1304348	13
116	2303	207.1465517	12
117	2317	206.7863248	14
118	2324	206.3559322	7
119	2330	206.4957983	6
120	2332	205.6166667	2
121	2335	204.8760331	3
122	2340	205.5245902	5
123	2351	204.9512195	11
124	2357	205.516129	6
125	2360	205.8	3
126	2367	205.0555556	7
127	2371	204.3070866	4
128	2374	206.7265625	3
129	2381	205.5736434	7
130	2389	205.1307692	8
131	2399	205.6030534	10
132	2404	205.0606061	5
133	2408	204.5864662	4
134	2416	204.5522388	8
135	2422	204.2296296	6
136	2428	203.7279412	6
137	2434	203.7080292	6
138	2439	202.7898551	5
139	2448	203.7410072	9
140	2451	202.9357143	3
141	2452	202.141844	1
142	2460	201.3521127	8
143	2464	200.6153846	4
144	2468	200.0486111	4
145	2478	199.5310345	10
146	2480	199.390411	2
147	2481	198.8707483	1
148	2490	201.0675676	9
149	2491	200.2348993	1
150	2500	199.7333333	9
151	2505	200.0331126	5
152	2519	200.2105263	14
153	2526	204.627451	7
154	2532	204.8376623	6
155	2538	205.5483871	6
156	2549	206.3653846	11
157	2556	207.4458599	7
158	2563	208.5759494	7
159	2573	209.5534591	10
160	2586	211.325	13
161	2591	211.3043478	5
162	2594	210.5061728	3
163	2598	209.6503067	4
164	2607	210.2621951	9
165	2610	209.5818182	3
166	2616	209.4036145	6
167	2621	209.9700599	5
168	2625	209.4880952	4
169	2626	209.7278107	1
170	2628	209.8176471	2
171	2636	209.8479532	8
172	2640	210.0348837	4
173	2642	209.5780347	2
174	2645	209.8218391	3
175	2651	209.1085714	6
176	2656	209.2329545	5
177	2661	209.4011299	5
178	2665	209.3033708	4
179	2668	209.849162	3
180	2674	209.8888889	6
181	2680	212.281768	6
182	2680	211.9065934	0
183	2685	212.3989071	5
184	2693	212.1684783	8
185	2701	213.1945946	8
186	2706	212.8602151	5
187	2706	212.2513369	0
188	2710	212.0744681	4
189	2713	211.5714286	3
190	2715	210.9473684	2
191	2718	210.3298429	3
192	2722	210.0989583	4
193	2725	209.6165803	3
194	2725	209.6701031	0
195	2728	209.6153846	3
196	2731	208.9846939	3
197	2733	208.4974619	2
198	2738	208.8333333	5
199	2744	208.9698492	6
200	2748	209.255	4
201	2749	209.0945274	1
202	2752	208.7623762	3
203	2753	208.1773399	1
204	2761	207.9362745	8
205	2767	208.2487805	6
206	2769	208.3543689	2
207	2773	208.821256	4
208	2779	208.5480769	6
209	2784	208.4545455	5
210	2786	208.252381	2
211	2795	208.1042654	9
212	2798	207.5754717	3
213	2808	208.2910798	10
214	2810	208.0327103	2
215	2822	208.8604651	12
216	2829	208.7638889	7
217	2830	208.3225806	1
218	2833	208.4311927	3
219	2835	207.9908676	2
220	2837	207.7454545	2
221	2841	207.4705882	4
222	2844	206.963964	3
223	2849	208.3901345	5
224	2853	207.9375	4
225	2861	208.7288889	8
226	2871	208.6327434	10
227	2879	208.3171806	8
228	2879	208.0307018	0
229	2885	207.6550218	6
230	2886	207.1913043	1
231	2897	207.5887446	11
232	2898	207.1681034	1
233	2915	207.7124464	17
234	2919	207.4145299	4
235	2923	207.8553191	4
236	2924	207.4661017	1
237	2928	207.1476793	4
238	2930	206.9411765	2
239	2932	206.4435146	2
240	2933	205.9416667	1
241	2937	205.5560166	4
242	2941	205.9793388	4
243	2947	206.3127572	6
244	2951	206.25	4
245	2952	205.9102041	1
246	2954	205.5487805	2
247	2962	206.1174089	8
248	2971	206.8790323	9
249	2975	207.1566265	4
250	2982	206.76	7
251	2984	206.6294821	2
252	2987	206.5555556	3
253	2988	206.5494071	1
254	2995	206.976378	7
255	2996	206.9686275	1
256	3009	206.9335938	13
257	3012	207.4513619	3
258	3014	207.3023256	2
259	3016	206.8687259	2
260	3018	206.7384615	2
261	3019	206.2720307	1
262	3020	205.7671756	1
263	3021	205.6996198	1
264	3022	205.5719697	1
265	3025	205.3132075	3
266	3028	205.2406015	3
267	3032	205.8876404	4
268	3033	205.7014925	1
269	3040	205.204461	7
270	3041	204.7555556	1
271	3053	205.0664207	12
272	3055	205.0551471	2
273	3056	204.978022	1
274	3058	204.5328467	2
275	3060	204.4909091	2
276	3063	204.25	3
277	3071	203.9458484	8
278	3078	203.6942446	7
279	3080	203.3476703	2
280	3087	203.0178571	7
281	3093	203.1779359	6
282	3096	202.8865248	3
283	3101	203.4204947	5
284	3103	202.9788732	2
285	3113	203.3052632	10
286	3120	203.3881119	7
287	3124	203.4773519	4
288	3126	203.1597222	2
289	3130	202.7370242	4
290	3132	202.6965517	2
291	3144	203.1340206	12
292	3152	203.5445205	8
293	3157	203.0443686	5
294	3162	202.8401361	5
295	3169	203.159322	7
296	3175	202.8141892	6
297	3185	202.7676768	10
298	3190	202.9932886	5
299	3196	203.9498328	6
300	3202	203.74	6
301	3204	203.2591362	2
302	3219	203.718543	15
303	3225	203.9306931	6
304	3225	203.7006579	0
305	3227	203.2622951	2
306	3232	202.8921569	5
307	3234	202.4983713	2
308	3234	202.3246753	0
309	3236	202.3139159	2
310	3253	202.6806452	17
311	3254	202.8585209	1
312	3256	202.3685897	2
313	3262	202.6261981	6
314	3264	202.4490446	2
315	3272	203.2857143	8
316	3286	203.7405063	14
317	3301	205.340694	15
318	3305	205.5628931	4
319	3306	205.4733542	1
320	3309	205.153125	3
321	3313	205.3302181	4
322	3314	205.1956522	1
323	3315	204.755418	1
324	3318	204.8796296	3
325	3319	204.4923077	1
326	3327	204.2883436	8
327	3328	204.2782875	1
328	3339	204.9664634	11
329	3347	204.7537994	8
330	3350	204.430303	3
331	3351	204.0755287	1
332	3353	204.189759	2
333	3361	203.9009009	8
334	3369	204.4161677	8
335	3375	204.4	6
336	3376	204.202381	1
337	3378	204.1068249	2
338	3379	203.6982249	1
339	3381	203.3244838	2
340	3384	203.3735294	3
341	3389	203.1026393	5
342	3396	202.9853801	7
343	3400	202.728863	4
344	3405	202.5465116	5
345	3413	203.3942029	8
346	3417	203.4046243	4
347	3417	203.1786744	0
348	3420	203.0517241	3
349	3420	202.6561605	0
350	3423	202.78	3
351	3427	202.7720798	4
352	3431	203.0284091	4
353	3436	202.6005666	5
354	3440	202.8926554	4
355	3440	202.6788732	0
356	3445	202.6825843	5
357	3449	203	4
358	3460	203.3128492	11
359	3464	203.448468	4
360	3472	203.2111111	8
361	3476	202.8975069	4
362	3479	202.8066298	3
363	3480	202.5895317	1
364	3482	202.4038462	2
365	3483	202.2849315	1
366	3487	202.1338798	4
367	3489	202.3160763	2
368	3490	202.3559783	1
369	3495	202.9783198	5
370	3505	202.9	10
371	3510	202.606469	5
372	3512	202.2473118	2
373	3518	202.0053619	6
374	3527	202.1390374	9
375	3529	201.7573333	2
376	3532	201.5797872	3
377	3536	201.5994695	4
378	3544	201.4232804	8
379	3545	201.182058	1
380	3553	201.8710526	8
381	3555	202.1889764	2
382	3555	201.8743455	0
383	3559	202.6370757	4
384	3566	203.109375	7
385	3567	203.4025974	1
386	3572	203.2746114	5
387	3578	203.8010336	6
388	3581	203.9845361	3
389	3586	203.8303342	5
390	3588	203.5435897	2
391	3591	203.5473146	3
392	3596	204.1989796	5
393	3597	204.0763359	1
394	3601	203.822335	4
395	3603	204.0227848	2
396	3605	204.0429293	2
397	3609	204.1259446	4
398	3610	203.8065327	1
399	3612	203.679198	2
400	3613	203.4175	1
401	3616	203.1571072	3
402	3621	202.8905473	5
403	3630	202.7295285	9
404	3637	202.5866337	7
405	3640	202.3432099	3
406	3650	202.8004926	10
407	3654	202.5356265	4
408	3658	202.2720588	4
409	3660	201.8801956	2
410	3664	201.6195122	4
411	3668	201.2652068	4
412	3672	201.0121359	4
413	3676	201.0871671	4
414	3680	200.910628	4
415	3686	200.7325301	6
416	3693	200.7403846	7
417	3694	200.5035971	1
418	3696	200.2392344	2
419	3702	200.1479714	6
420	3711	200.5833333	9
421	3720	200.7553444	9
422	3722	200.450237	2
423	3726	200.2671395	4
424	3732	200.0801887	6
425	3735	200.2423529	3
426	3741	200.2441315	6
427	3744	200.2154567	3
428	3748	200.0373832	4
429	3751	200.0536131	3
430	3757	199.8860465	6
431	3760	199.7401392	3
432	3760	199.5787037	0
433	3765	199.4711316	5
434	3767	199.1843318	2
435	3770	198.9471264	3
436	3771	198.9151376	1
437	3775	198.6750572	4
438	3781	199.0342466	6
439	3784	198.7790433	3
440	3784	198.4409091	0
441	3787	198.4580499	3
442	3788	198.459276	1
443	3789	198.1602709	1
444	3793	198.0810811	4
445	3798	197.8808989	5
446	3799	197.7713004	1
447	3803	197.9552573	4
448	3806	198.0691964	3
449	3811	197.9710468	5
450	3815	198.0955556	4
451	3818	198.0709534	3
452	3820	198.1814159	2
453	3822	198.2781457	2
454	3828	198.7092511	6
455	3831	198.5208791	3
456	3832	198.1951754	1
457	3836	198.4967177	4
458	3837	198.2445415	1
459	3843	198.1416122	6
460	3848	197.9608696	5
461	3850	197.8221258	2
462	3855	197.7424242	5
463	3855	197.5010799	0
464	3857	197.2823276	2
465	3859	197.511828	2
466	3865	197.6330472	6
467	3874	197.7880086	9
468	3874	197.6965812	0
469	3879	197.554371	5
470	3881	197.4489362	2
471	3884	197.2016985	3
472	3886	197.2288136	2
473	3887	197.1035941	1
474	3892	196.9514768	5
475	3897	196.9094737	5
476	3906	196.8214286	9
477	3913	196.7169811	7
478	3919	196.6799163	6
479	3920	196.4279749	1
480	3924	196.4583333	4
481	3931	196.5280665	7
482	3936	196.3381743	5
483	3942	196.2815735	6
484	3947	196.1012397	5
485	3949	195.9402062	2
486	3955	195.8374486	6
487	3959	195.9671458	4
488	3959	195.9262295	0
489	3959	195.6912065	0
490	3963	195.6673469	4
491	3969	195.8289206	6
492	3970	195.8089431	1
493	3970	195.6085193	0
494	3973	195.548583	3
495	3973	195.4060606	0
496	3974	195.1794355	1
497	3977	194.945674	3
498	3981	194.8795181	4
499	3983	194.7294589	2
500	3986	194.638	3
501	3988	194.4650699	2
502	3995	194.876494	7
503	4000	194.8946322	5
504	4000	194.6845238	0
505	4009	194.8118812	9
506	4012	195.1660079	3
507	4016	194.938856	4
508	4017	194.8484252	1
509	4018	194.8899804	1
510	4019	194.7196078	1
511	4027	194.5225049	8
512	4037	194.4726563	10
513	4042	194.5594542	5
514	4048	194.8832685	6
515	4061	195.6660194	13
516	4065	195.6860465	4
517	4067	195.7562863	2
518	4072	195.9343629	5
519	4076	196.0500963	4
520	4079	196.1942308	3
521	4082	196.1554702	3
522	4083	196.2260536	1
523	4086	196.416826	3
524	4102	196.8835878	16
525	4105	196.9085714	3
526	4109	196.6653992	4
527	4111	196.5047438	2
528	4114	196.3541667	3
529	4121	196.584121	7
530	4122	196.4886792	1
531	4126	196.8248588	4
532	4127	196.7067669	1
533	4128	196.575985	1
534	4131	196.494382	3
535	4132	196.4579439	1
536	4132	196.244403	0
537	4136	196.1266294	4
538	4136	195.9553903	0
539	4137	195.9146568	1
540	4138	195.7111111	1
541	4143	195.5859519	5
542	4146	195.3579336	3
543	4150	195.1031308	4
544	4152	194.8786765	2
545	4160	195.0605505	8
546	4171	195.2619048	11
547	4171	195.3126143	0
548	4173	195.3229927	2
549	4173	195.3096539	0
550	4174	195.36	1
551	4179	195.3284936	5
552	4182	195.1068841	3
553	4184	194.9312839	2
554	4184	194.8700361	0
555	4187	194.6486486	3
556	4192	194.7392086	5
557	4203	195.2495512	11
558	4206	195.0949821	3
559	4209	195.4203936	3
560	4210	195.3946429	1
561	4211	195.6827094	1
562	4212	195.4448399	1
563	4214	195.2895204	2
564	4214	195.1223404	0
565	4221	195.3079646	7
566	4222	195.1713781	1
567	4229	195.3650794	7
568	4230	195.6390845	1
569	4230	195.7398946	0
570	4235	195.5368421	5
571	4237	195.4938704	2
572	4242	195.8321678	5
573	4244	195.6439791	2
574	4246	195.5627178	2
575	4250	195.7356522	4
576	4251	195.5885417	1
577	4252	195.6239168	1
578	4253	195.7716263	1
579	4257	195.5803109	4
580	4258	195.5517241	1
581	4264	195.4320138	6
582	4265	195.4295533	1
583	4271	195.3190395	6
584	4280	195.2842466	9
585	4280	195.174359	0
586	4284	195.2593857	4
587	4285	195.0971039	1
588	4286	194.9047619	1
589	4287	194.7351443	1
590	4291	194.9152542	4
591	4294	194.7529611	3
592	4295	194.6114865	1
593	4298	194.7048904	3
594	4301	194.9377104	3
595	4302	194.7731092	1
596	4305	194.5738255	3
597	4309	194.5125628	4
598	4314	194.6371237	5
599	4315	194.3956594	1
600	4320	194.41	5