Parameter Settings:
alpha = 0.2
gamma = 0.85
zeta = 0.1
epsilon = 1
sensitivity = 1
ln_t = 1
block position = [(18.0, 16.0), (16.0, 13.0), (1.0, 5.0), (11.0, 9.0), (11.0, 12.0), (8.0, 10.0), (7.0, 2.0), (7.0, 9.0), (16.0, 9.0), (15.0, 3.0), (10.0, 9.0), (24.0, 13.0), (13.0, 14.0), (9.0, 9.0), (24.0, 8.0), (23.0, 16.0), (21.0, 7.0), (3.0, 11.0), (17.0, 13.0), (12.0, 10.0), (4.0, 5.0), (21.0, 10.0), (10.0, 2.0), (7.0, 12.0), (24.0, 2.0), (18.0, 15.0), (9.0, 8.0), (18.0, 4.0), (2.0, 4.0), (14.0, 14.0), (23.0, 12.0), (24.0, 10.0), (10.0, 4.0), (12.0, 2.0), (19.0, 12.0), (18.0, 13.0), (1.0, 4.0), (18.0, 6.0), (9.0, 13.0), (15.0, 8.0), (18.0, 5.0), (1.0, 7.0), (5.0, 4.0), (15.0, 2.0), (21.0, 15.0)]
rubbish position = [(11.0, 6.0), (12.0, 5.0), (3.0, 12.0), (22.0, 3.0), (9.0, 4.0), (20.0, 1.0), (15.0, 16.0), (24.0, 12.0), (15.0, 1.0), (16.0, 7.0), (11.0, 11.0), (14.0, 16.0), (18.0, 10.0), (21.0, 13.0), (23.0, 9.0), (1.0, 12.0), (12.0, 9.0), (22.0, 12.0), (8.0, 13.0), (2.0, 13.0), (20.0, 6.0), (1.0, 1.0), (5.0, 11.0), (20.0, 4.0), (14.0, 15.0), (5.0, 3.0), (18.0, 1.0), (19.0, 3.0), (2.0, 2.0), (19.0, 4.0), (4.0, 11.0), (15.0, 12.0), (22.0, 14.0), (6.0, 12.0), (7.0, 4.0), (3.0, 10.0), (6.0, 2.0), (21.0, 12.0), (3.0, 15.0), (22.0, 4.0), (15.0, 13.0), (23.0, 8.0), (17.0, 8.0), (5.0, 1.0), (20.0, 7.0), (2.0, 11.0), (4.0, 15.0), (22.0, 7.0), (24.0, 11.0), (9.0, 10.0), (14.0, 3.0), (4.0, 9.0), (19.0, 9.0), (13.0, 2.0), (16.0, 4.0), (3.0, 16.0), (17.0, 9.0), (19.0, 11.0), (21.0, 1.0), (16.0, 15.0), (11.0, 5.0), (2.0, 8.0), (15.0, 4.0), (20.0, 16.0), (14.0, 10.0), (9.0, 15.0), (23.0, 10.0), (3.0, 3.0), (13.0, 5.0), (12.0, 16.0), (12.0, 6.0), (13.0, 8.0), (19.0, 1.0), (14.0, 9.0), (20.0, 2.0), (2.0, 9.0), (15.0, 10.0), (14.0, 2.0), (7.0, 11.0), (1.0, 9.0)]
Turn     Block     Rubbish     Hit         communication               TurnStep     TotalStep     
